199909 5859 9670
199910 6009 10592
199912 909 1030
200002 7134 14477
200003 7423 15715
200004 8318 18356
200005 7829 16798
200006 7893 15995
200007 8240 17307
200008 8725 19619
200009 9211 22153
200010 9413 23059
200011 9768 23619
200012 10044 24927
200101 10301 24710
200102 10680 25748
200103 11091 26726
200104 11237 26895
200105 11545 27402
200106 11769 28910
200107 12077 29596
200108 12168 29269
200109 12347 29178
200110 12653 30799
200111 12784 31226
200112 12866 30802
200201 13013 31456
200202 13214 32075
200203 13381 32243
200204 13514 32057
200205 13760 32519
200206 13824 32498
200207 13967 33333
200208 14088 32764
200209 14270 32829
200210 14545 34820
200211 14602 34906
200212 14805 35348
200301 15008 36102
200302 15172 36883
200303 15326 36997
200304 15563 38315
200305 15741 40446
200306 15892 41613
200307 16142 43016
200308 16189 41610
200309 16333 42026
200310 16549 43135
200311 16682 43766
200312 16816 44331
200401 16974 44399
200402 17158 45807
200403 17436 49283
200404 17660 49981
200405 17807 49650
200406 18014 50207
200407 18225 51907
200408 18461 52390
200409 18632 53300
200410 18869 53494
200411 18997 54168
200412 19206 54544
200501 19406 54581
200502 19540 55223
200503 19773 55842
200504 20037 56136
200505 20277 57238
200506 20573 58121
200507 20694 58385
200508 20914 59129
200509 21102 59950
200510 21300 60732
200511 21503 61749
200512 21719 61582
200601 21926 62600
200602 22132 63052
200603 22404 64363
200604 22602 64335
200605 22853 65259
200606 23138 66371
200607 23347 67414
200608 23571 67687
200609 23856 69088
200610 24064 69742
200611 24394 71487
200612 24584 71200
200701 24810 74022
200702 25331 76089
200703 25395 76870
200704 25624 76315
200705 25915 78042
200706 26182 78734
200707 26439 79557
200708 26688 80249
200709 26900 80696
200710 27233 82358
200711 27476 83538
200712 27599 84087
200801 27870 84954
200802 28115 86804
200803 28476 89179
200804 28724 89508
200805 28967 88032
200806 29238 88900
200807 29538 91995
200808 29737 91831
200809 30032 100289
200810 30347 96830
200811 30594 96819
200812 30895 97207
200901 31298 105169
200902 31482 99041
200903 31865 99132
200904 32126 99587
200905 32108 99262
200906 32334 99948
200907 32659 103270
200908 32866 103008
200909 33120 104775
200910 33454 106665
200911 33615 107186
200912 33870 107819
201001 33998 107748
201002 34279 105620
201003 34682 109209
201004 34903 110461
201005 35149 111280
201006 35356 114128
201007 35630 111900
201008 35908 113497
201009 36290 115341
201010 36378 114224
201011 37154 118749
201012 36933 119390
201101 37157 118943
201102 37466 120985
201103 37833 125500
201104 38154 127716
201105 38442 129845
201106 38752 135040
201107 39076 133438
201108 39410 134233
201109 39668 135512
201110 39974 137142
201111 40272 141803
201112 40479 139640
201201 40679 140882
201202 41022 145800
201203 41429 148852
201204 41608 149053
201205 41923 151222
201206 42237 150951
201207 42446 151156
201208 42743 159960
201209 42995 164055
201210 43283 164275
201211 43506 163035
201212 43641 160606
201301 43915 161871
201302 44155 165606
201303 44447 168496
201304 44729 170735
201305 44961 175313
