200211 281 1210
200212 289 1263
200301 301 1284
200302 335 1252
200303 322 1282
200304 337 1341
200305 355 1406
200306 391 1513
200307 390 1478
200308 391 1493
200309 410 1581
200310 422 1641
200311 422 1615
200312 432 1683
200401 429 1654
200402 432 1664
200403 444 1721
200404 453 1746
200405 467 1794
200406 478 1884
200407 487 1960
200408 493 1988
200409 508 2041
200410 524 2080
200411 528 2094
200412 551 2110
200501 552 2166
200502 567 2169
200503 570 2193
200504 575 2212
200505 586 2211
200506 592 2173
200507 608 2200
200508 602 2222
200509 608 2214
200510 620 2244
200511 627 2252
200512 642 2268
200601 646 2312
200602 655 2344
200603 667 2359
200604 658 2352
200605 695 2406
200606 678 2442
200607 666 2291
200608 713 2361
200609 713 2395
200610 725 2521
200611 739 2609
200612 737 2552
200701 752 2689
200702 772 2743
200703 785 2750
200704 803 2768
200705 814 2766
200706 838 2765
200707 844 2923
200708 865 2941
200709 896 3009
200710 915 3140
200711 929 3184
200712 959 3312
200801 959 3225
200802 978 3326
200803 1002 3468
200804 1027 3498
200805 1072 3945
200806 1106 4195
200807 1142 4356
200808 1164 4392
200809 1213 4737
200810 1259 4809
200811 1299 5065
200812 1341 5264
200901 1374 5384
200902 1403 5505
200903 1457 5694
200904 1497 5842
200905 1548 6029
200906 1600 6113
200907 1657 6449
200908 1745 6805
200909 1800 7134
200910 1850 7282
200911 1916 7831
200912 1977 7777
201001 2017 7957
201002 2119 8486
201003 2255 9217
201004 2282 9270
201005 2381 9513
201006 2485 10311
201007 2556 10353
201008 2659 10816
201009 2785 11231
201010 2889 12282
201011 3013 13309
201012 3184 14106
201101 3276 15332
201102 3537 16390
201103 3833 17987
201104 3980 18747
201105 4302 19748
201106 4618 21559
201107 4740 22567
201108 4837 22294
201109 4950 23679
201110 5081 23764
201111 5194 23968
201112 5264 24942
201201 5361 25343
201202 5475 25584
201203 5665 26306
201204 5842 26397
201205 5930 27886
201206 6100 28172
201207 6216 30077
201208 6354 31886
201209 6478 31751
201210 6599 33543
201211 6769 34854
201212 6867 34363
201301 7021 36708
201302 7119 38469
201303 7291 39810
201304 7399 41428
201305 7469 41609
